7.658623666200091717e-01
1.225062136058488793e+00
1.583311375930756215e+00
1.315121003321767956e+00
9.489630157830959423e-01
9.101009709676881609e-01
8.739145852607391740e-01
6.800684855646507154e-01
4.340106607105488901e-01
2.601621142187731106e-01
1.857422644568158532e-01
1.658678700355358526e-01
1.422986101951627114e-01
7.378659510165878899e-02
-5.563940611832524780e-02
-2.311868998264237363e-01
-4.108003072040304904e-01
-5.570208184956209063e-01
-6.734085961438772694e-01
-7.793830166570082651e-01
-8.512044744307083466e-01
-8.362315296846030144e-01
-7.481850701226592237e-01
-6.488773570001169499e-01
-5.560576809460091585e-01
-4.401576509980388296e-01
-2.957870133181373373e-01
-1.585879472070719776e-01
-6.222835608747320779e-02
-1.195692447406600245e-02
1.023925788880934995e+00
1.280615924475763334e+00
1.587079650798548736e+00
1.472820495080785053e+00
9.500483472748573188e-01
8.567940341606026244e-01
1.066471735419755706e+00
1.101997037256587042e+00
9.022388555732532289e-01
6.563803450762457636e-01
4.957127579394787209e-01
4.007753336027043423e-01
2.887588946475473373e-01
9.865084275656359203e-02
-1.739598381826681639e-01
-4.722022530355681758e-01
-7.150701769341518688e-01
-8.740271683729908814e-01
-9.961195476907422908e-01
-1.106745874833590326e+00
-1.143964682649460052e+00
-1.062686690053543215e+00
-9.420011692665175573e-01
-8.769225725104841107e-01
-8.349679169336086115e-01
-7.242589870692508480e-01
-5.305046128944375106e-01
-3.205501048259294938e-01
-1.571104612334167927e-01
-5.798065943130470412e-02
1.135562911949143494e+00
1.130772688904378764e+00
1.156655004100964224e+00
1.192551349517123604e+00
7.737109253872145320e-01
5.265593820878148312e-01
9.352788443581230293e-01
1.478384033300463418e+00
1.669272949043753673e+00
1.468500257865817948e+00
1.122410248241553887e+00
7.995880463378808312e-01
4.756102829042281321e-01
8.485934878325097908e-02
-3.520762717723961988e-01
-7.299125859394783866e-01
-9.621940503455874705e-01
-1.077476177615382502e+00
-1.167527486849712748e+00
-1.227862021044667129e+00
-1.148509015147572754e+00
-9.672446392289930639e-01
-8.198488222613098397e-01
-8.207631298971874712e-01
-8.915131854363107511e-01
-8.999694429480351587e-01
-8.040926181948888640e-01
-6.355015746575698454e-01
-4.356850374337374321e-01
-2.478236870504729183e-01
1.079197979873143698e+00
8.766930834876723866e-01
6.338835940016410708e-01
6.555271291457582805e-01
5.573121393758601050e-01
2.608857401084559990e-01
5.230364955392282633e-01
1.334836861789544304e+00
2.124305802653948305e+00
2.401684035727826405e+00
2.073518334700569010e+00
1.419980508876713454e+00
7.158866395112168934e-01
5.515657813593360936e-02
-4.988935061302094409e-01
-8.561054507346325115e-01
-1.002176053615173146e+00
-1.044737367431418429e+00
-1.077718441393382909e+00
-1.039487915503987114e+00
-8.236704744292423497e-01
-4.818679314035720918e-01
-2.812141797102154506e-01
-2.462494944446132483e-01
-3.479694104373514119e-01
-5.192225502889469269e-01
-7.223884152144272042e-01
-8.668356916873296569e-01
-8.376025983807172670e-01
-6.335844493228959262e-01
1.001127706487501268e+00
7.097711831352899736e-01
3.332337142021478682e-01
2.188776796902857091e-01
3.603646759464717575e-01
3.228285576681133584e-01
3.993670979296646273e-01
9.733817463995100283e-01
1.841459851357680311e+00
2.557711562218393908e+00
2.665851152882323660e+00
2.056656919703333308e+00
1.060713793904906499e+00
1.338311333036072970e-01
-4.793504711853808775e-01
-7.549209951295817733e-01
-8.059404378660343093e-01
-7.935923166501668291e-01
-7.733438970699151316e-01
-6.485634961836563850e-01
-3.359615427145241084e-01
1.239670572699176770e-01
4.890045612876234293e-01
7.144089102313653239e-01
7.661955145987805471e-01
5.536321634620741117e-01
6.464005418229312738e-02
-5.099328592313852049e-01
-8.738036496023070532e-01
-8.912800324316534351e-01
1.000039510933181219e+00
7.231301365785320900e-01
3.306964267359488452e-01
8.134443619756345778e-02
1.963359725452268889e-01
4.520026806346125747e-01
6.426939181353049646e-01
9.703113004853304302e-01
1.467570454586946571e+00
1.994919316028343381e+00
2.295084934279898015e+00
2.037945521343600408e+00
1.265661446703584048e+00
3.799021528070456455e-01
-2.296185010101782775e-01
-4.679632040517320846e-01
-4.903916773626718073e-01
-4.635418953001214093e-01
-4.136991534032987139e-01
-2.590104020805488738e-01
5.789717226593852489e-02
5.133207266626045318e-01
1.200210710087776134e+00
1.543679116641016202e+00
1.847482288697582575e+00
1.749647499994232414e+00
1.188872175327178482e+00
3.942543577193909909e-01
-2.760943708616949710e-01
-6.109081321764421313e-01
1.053410271990183000e+00
8.311792010029870337e-01
4.948063694119325673e-01
1.954628560345694488e-01
1.478115239692616434e-01
4.017796902517816737e-01
7.466858895171875066e-01
1.083221211181266019e+00
1.381770092952941065e+00
1.596613673770253872e+00
1.579983758843957364e+00
1.376806396832064516e+00
1.006012862086446358e+00
5.144239562354038231e-01
9.053198847790980275e-02
-1.349644349991100389e-01
-1.982445993711485221e-01
-1.915684624885539422e-01
-1.357940419995161685e-01
7.617205244240112666e-03
2.704728110280501530e-01
6.642589182578955143e-01
1.220754335194773832e+00
1.988363298092465925e+00
2.242597812363129162e+00
2.326520726388801030e+00
1.920653267078582971e+00
1.204354138486579018e+00
4.932234924426745493e-01
-2.109132586133205013e-03
1.147856983667595809e+00
9.348316306318330549e-01
6.519117631957995762e-01
3.746326293926640627e-01
2.209309726853120048e-01
2.937580110345052731e-01
5.529352509700986573e-01
9.166313069350868759e-01
1.318264495490534927e+00
1.326887077354571565e+00
1.103431079057375586e+00
8.556353205614954938e-01
6.072902967582757272e-01
3.928927898010611264e-01
2.127497531320896862e-01
7.333540984879000080e-02
-8.285893443987814300e-03
-2.669780277090929438e-02
2.026417988861867539e-02
1.421318850123741984e-01
3.480724498762246544e-01
6.441064175132218406e-01
1.032052649733757432e+00
1.777028352362830743e+00
1.960674910368451318e+00
2.060277381425827059e+00
1.897812596201508217e+00
1.452146300425882108e+00
9.077229822110491897e-01
4.372836956314408163e-01
1.290712279080549196e+00
1.049548902134047612e+00
7.503951526808201322e-01
4.853009143789333568e-01
3.017059841097196049e-01
2.458016351679231104e-01
4.047264318927698001e-01
8.260286305554001007e-01
8.819870365076486474e-01
8.237946264828823750e-01
7.771442617024785227e-01
6.138828013789385807e-01
4.157874955109764903e-01
2.629950932666610952e-01
1.684861645506814942e-01
1.050543208777888482e-01
5.890555991427048887e-02
4.476552364523505440e-02
8.258007871455055882e-02
1.812705574038722400e-01
3.385807902052180851e-01
5.429473182697368561e-01
7.772448410504601002e-01
1.030241438604646786e+00
1.969469232604666109e+00
1.378882006296347607e+00
1.352833553929495114e+00
1.166910389435735995e+00
8.620394052761097825e-01
5.317238497235148298e-01
1.374960970535488158e+00
1.186647850784030567e+00
8.520103103838922998e-01
5.403840655512914815e-01
3.338073337332385648e-01
3.554135039446159050e-01
7.422901448501324495e-01
5.460281345626101235e-01
3.153530251860960920e-01
3.719198472403034694e-01
4.227171843042342725e-01
3.993901855734478534e-01
3.110204484048589291e-01
2.053836337983571403e-01
1.231339165172674610e-01
7.442885566119422647e-02
5.220760213328665134e-02
5.436304841998759046e-02
8.898118549732675353e-02
1.632758055424237964e-01
2.728082825747934481e-01
3.999003838711370773e-01
5.220319859005349006e-01
6.246432312188890945e-01
8.562764744305576547e-01
1.263982926196457468e+00
7.657120659648332106e-01
7.064619678896286725e-01
5.735087647765931829e-01
3.963703429882561302e-01
1.314679002329702140e+00
1.211589335109066967e+00
9.540278247284365021e-01
6.170465542773803103e-01
5.373784026350333365e-01
9.671496240336444616e-01
5.794822086563076180e-01
1.351333996339731114e-01
9.812925760031075695e-02
1.218379944751807331e-01
1.583400721855557358e-01
1.849763512013418432e-01
1.794715328063491433e-01
1.410280775329069980e-01
9.117904416995657735e-02
5.277805813899247994e-02
3.578187348504652948e-02
4.110166183202185186e-02
6.883963166869327965e-02
1.187764648103412923e-01
1.847108084131272032e-01
2.523421788156172685e-01
3.062818297317024818e-01
3.405373479132684511e-01
3.614409180650551834e-01
1.081519889461053818e+00
4.759575550202653216e-01
3.554112075222105038e-01
2.999041624238542036e-01
2.191959259577181685e-01
1.243478254260293792e+00
1.080164601996052243e+00
9.291534159018798311e-01
9.003940724638579418e-01
1.307974570063914932e+00
7.356801521605822458e-01
1.382007416210654371e-01
4.957902423770749883e-02
3.412542550369387917e-02
3.332989740621587760e-02
4.327547781115992365e-02
5.896542795895435424e-02
7.031328675810605278e-02
6.805226954020927865e-02
5.273617429549342511e-02
3.456031330868054169e-02
2.425805816969594728e-02
2.713746312572650962e-02
4.386268269245820195e-02
7.196876278450584086e-02
1.053616724949624772e-01
1.350760309395449832e-01
1.539200534827324940e-01
1.616975594082764311e-01
1.646155623376431565e-01
1.898507271393713169e-01
1.095347510663140067e+00
1.656476028068896988e-01
1.396135538818213118e-01
1.179541599657639717e-01
1.054040545852094724e+00
1.090136268313663503e+00
9.818806966746668197e-01
1.546357211816756561e+00
9.658274756011924200e-01
2.617743899128932017e-01
9.260459330280128298e-02
3.785718233943100031e-02
1.743444648965782051e-02
1.077669793529176245e-02
1.068804468074851903e-02
1.448849667251952272e-02
1.955954050709183406e-02
2.257614388651543735e-02
2.135317189441050464e-02
1.714004159514364439e-02
1.402721809108467728e-02
1.585070746463983216e-02
2.395347585679578201e-02
3.683096380802823588e-02
5.071279058411365392e-02
6.115263732559682308e-02
6.570645162104435388e-02
6.579677141051146205e-02
6.533574734821794017e-02
6.687603913566625424e-02
2.638392408740761752e-01
4.266956922267137187e-01
1.284661148328246627e-01
1.907640095703219962e-01
5.760613918734402983e-01
1.377483550614572616e+00
1.569647769900567313e+00
9.317307099407182713e-01
4.012090063186653510e-01
2.317693193577754496e-01
1.158791140984245654e-01
4.885436755819963506e-02
1.954421467771685905e-02
8.358723950163130662e-03
4.482132664011984069e-03
3.810066947986572028e-03
4.590941278109243393e-03
5.687898974649841129e-03
6.291597749488102992e-03
6.237867308227195741e-03
6.294592029246256354e-03
7.700809678539705626e-03
1.112597343473558167e-02
1.598062637949687614e-02
2.063137639240430338e-02
2.339852885137530883e-02
2.374650225855085353e-02
2.277811864280999271e-02
2.327147836290027402e-02
3.471983450563403267e-02
8.991883391086064048e-02
7.034087048865884650e-01
4.339027746969100763e-01
4.361391892021099781e-01
3.219358319776060018e-01
1.441821385595491778e+00
1.394446575154195900e+00
4.822855952548919523e-01
2.781183001330538862e-01
2.258322153229078144e-01
1.476557965678049478e-01
7.853012220340678529e-02
3.643493199865788235e-02
1.568973227090959821e-02
6.471118192224269150e-03
2.748951949213091286e-03
1.550369740346818799e-03
1.390381730629770439e-03
1.559966442019917066e-03
1.815880128605504903e-03
2.226537269403853180e-03
3.024995995335029181e-03
4.320569737380244336e-03
5.855616463787108664e-03
7.086891822030507576e-03
7.561160242939467951e-03
7.479205016448658462e-03
1.035923889326492014e-02
3.696163740150720106e-02
1.510349193431932413e-01
4.107728572774793641e-01
6.981495667212797018e-01
1.017664394379806936e+00
4.176683122898035005e-01
4.383010167958936165e-01
5.753273459237987497e-01
1.017639683910029014e+00
7.711254374464914241e-01
3.237416969431369251e-01
2.470369069355357328e-01
1.971369647853694340e-01
1.292597878829718494e-01
7.092174909271189986e-02
3.357228660604552606e-02
1.397643325591551439e-02
5.158163161680023867e-03
1.749757599135309729e-03
6.613974551646469502e-04
4.081581893797779637e-04
3.972638065013828429e-04
5.338503018326430736e-04
8.825875244515563999e-04
1.352293435253540095e-03
1.758381466344926484e-03
2.036383855394047378e-03
2.685652830962280933e-03
9.602821793068285622e-03
5.584844734454942616e-02
2.281939806753437716e-01
5.702643619257259378e-01
8.558139394035939596e-01
7.605750619673439239e-01
4.571705963405163220e-01
1.788012861747543258e-01
1.969726112624455017e-01
1.928721708083099562e-01
6.077502925207061146e-01
1.005127072950434686e+00
6.187532688017199911e-01
3.734822792318204243e-01
2.990190131691448649e-01
2.123863318147240498e-01
1.266819186662238028e-01
6.381484640638401817e-02
2.737464386085711188e-02
1.002248782903127251e-02
3.098853069691266584e-03
7.483735500573145691e-04
-9.794418691822163298e-05
-5.798547778380211881e-04
-5.446065827186145685e-04
-1.276908236934856981e-04
1.392691670566219243e-04
2.252289127834329369e-04
1.335947056320143083e-03
1.124561965799635195e-02
6.802817051597173648e-02
2.545744338247127869e-01
5.724064039115388525e-01
7.558221853145620228e-01
5.514640305603812909e-01
1.711191275101265619e-01
-2.098552951261073440e-02
1.155647897716618744e-01
1.307611309660294541e-01
2.350903053610249593e-01
4.444367375952030796e-01
8.876358778942167183e-01
9.754176245834904613e-01
6.424450013789935188e-01
4.686821816155019027e-01
3.326648435475486609e-01
2.021665225841123847e-01
1.039603850531825857e-01
4.499358098202277390e-02
1.607555657905651580e-02
4.324464722717186529e-03
2.509864002246087173e-06
-2.466368722522818517e-03
-3.516927991130171412e-03
-2.383304959591790728e-03
-1.100939980987805959e-03
-1.044659063084893511e-03
-2.560481712546780128e-06
1.017607637937103550e-02
6.060476185182318148e-02
2.068840035694355928e-01
4.166641191890456675e-01
4.674979612631557924e-01
2.205022056099298911e-01
-9.151597600595282045e-02
-1.769635348604462477e-01
-1.941840649239869043e-02
2.527659137164017245e-01
1.800779588853005653e-01
3.316202019810136070e-01
5.284173285685707100e-01
8.010015017396969750e-01
1.090545723949290391e+00
9.537416908839547736e-01
6.729690749176775455e-01
4.639425393579298951e-01
2.799940306238153376e-01
1.424609586762542179e-01
5.950347293215416111e-02
1.845442008150334837e-02
1.102993656647462779e-03
-7.887403722698992092e-03
-1.403620873456610380e-02
-1.193875392201783521e-02
-5.896955440903957173e-03
-3.662997425518622376e-03
-4.059884045856828466e-03
3.982809430959960775e-03
3.892075535587334600e-02
1.270709090005421316e-01
2.351355238172352091e-01
2.264559410538632966e-01
3.119851552543514983e-02
-1.942947573909093728e-01
-2.332798805924519991e-01
-3.003304821732279140e-02
3.300873286150700636e-01
6.884152706615579431e-01
2.168363383019563939e-01
3.992140373336151016e-01
6.275148751809385139e-01
8.528471344842547541e-01
1.055291338580944371e+00
1.089725327942342004e+00
8.299064738114253492e-01
5.514593347500660325e-01
3.232523303855842078e-01
1.547551461001487882e-01
5.345967220668194214e-02
3.522320716170839004e-03
-2.231722917201032705e-02
-4.570660508530088872e-02
-5.004553619777851042e-02
-2.883240272398454249e-02
-1.224060198982543195e-02
-1.317648072113131869e-02
-1.101216405663878704e-02
1.264383389390995316e-02
6.330755267530978336e-02
1.270418694104693547e-01
1.454985949473837636e-01
6.622245401328508141e-02
-7.180220307553548953e-02
-1.312512530208378991e-01
1.521596998820098391e-02
3.801514702281775793e-01
8.386376185851818210e-01
1.090652706090659674e+00
2.196474794065756408e-01
4.043315551381774786e-01
6.350179812966050275e-01
8.511881105196191788e-01
9.845099793863669735e-01
1.003311038311071268e+00
8.300740890162298102e-01
5.398683791178139346e-01
2.883075233015061634e-01
1.044165103283231644e-01
-5.805094226736485716e-03
-6.205655687081878397e-02
-1.120479654812936016e-01
-1.537021110915494093e-01
-1.195750753823773965e-01
-5.620823764628835734e-02
-3.305282433088259364e-02
-4.264107819660088727e-02
-2.552394341553484297e-02
1.883649472155095317e-02
8.129256516285174317e-02
1.520057481954648904e-01
1.903468858559732579e-01
1.442037503928844389e-01
4.891740727999675797e-02
6.134595845478404280e-02
3.237600189435520526e-01
8.147299447125959659e-01
1.229688610674260163e+00
1.155727219932299210e+00
1.870970155557856729e-01
3.442088116777083373e-01
5.398231917836112670e-01
7.206226143971700138e-01
8.167811293278166573e-01
7.881455926329643535e-01
6.382880100094424636e-01
3.878525141339514426e-01
1.414183254004559576e-01
-3.976093531242888557e-02
-1.539110852868762758e-01
-2.401610547198041457e-01
-3.385058625096872276e-01
-3.195947729890836198e-01
-1.922971815421076758e-01
-1.147113796496821575e-01
-1.199761239383965589e-01
-1.117244180811810955e-01
-4.723099068293947628e-02
3.882914015840306654e-02
1.508280545361790348e-01
2.681375724019252615e-01
2.939611362800982342e-01
1.688050549262870847e-01
2.902484637120885183e-02
1.228438736377219648e-01
5.721907186970782710e-01
1.140281608054145357e+00
1.274046964012893746e+00
8.407583931523447962e-01
1.338769845223377886e-01
2.457242099947605785e-01
3.833286093582586873e-01
5.055898891298943321e-01
5.568122296717259445e-01
4.961737810506578472e-01
3.259247946196092705e-01
8.389027218162001254e-02
-1.592659582179607736e-01
-3.190610518455632150e-01
-4.063775220087094686e-01
-5.405617773477038313e-01
-6.017973808013233894e-01
-3.797485963243810714e-01
-2.126888816289815298e-01
-2.678571248909905056e-01
-3.596940875814905736e-01
-2.513805873772072541e-01
-7.533915575949902410e-02
8.866831952174002163e-02
2.692187290836568492e-01
3.984981315008450653e-01
3.062028575746215675e-01
-5.657178670052579296e-04
-1.760878782304948764e-01
1.422530668753891336e-01
8.384943822860072560e-01
1.228338024160821496e+00
9.307727480828628108e-01
4.109037493268633545e-01
8.016941192427874674e-02
1.459750422965711558e-01
2.240059681291134697e-01
2.853700828907703158e-01
2.888677576295313187e-01
1.954471084195832098e-01
-1.197471931857399530e-02
-3.052040990198119919e-01
-6.045688877837946951e-01
-7.995704142999675579e-01
-8.733605027746081939e-01
-8.493097538108705935e-01
-4.766153433676281748e-01
-9.452785807519896444e-02
-1.087206126001288575e-01
-5.008194411589873551e-01
-7.383319647406761943e-01
-5.145324041507868262e-01
-1.502359336886679164e-01
1.611353018524712410e-01
4.275694230731360568e-01
5.346846739355807232e-01
3.097520549503648968e-01
-1.030644846143771304e-01
-2.161789638318221130e-01
2.792667963329660830e-01
8.681640165319373104e-01
8.379176464860442763e-01
4.198803544875406302e-01
1.262857910459845578e-01
3.985169673505351701e-02
7.178916897384644835e-02
1.094123267543780087e-01
1.373146137809562739e-01
1.195122001297540537e-01
-5.658699531491756529e-03
-2.843788161163208761e-01
-6.789239953560493035e-01
-1.061589239361774073e+00
-1.308702969903675406e+00
-1.426099604403644250e+00
-1.119665368184630028e+00
-2.646295298221549297e-01
3.765479551620928844e-01
2.993829427054121028e-01
-4.389584231372492540e-01
-9.179776037917900533e-01
-8.393813494504298589e-01
-3.446714888970959234e-01
2.277940493120249599e-01
6.369019402628610660e-01
7.004741669638223645e-01
4.048001206462275570e-01
1.392114323706586665e-01
2.576103032334501330e-01
4.452023933980565062e-01
2.574939792387239135e-01
-6.214446479870417914e-03
-5.448924126496286491e-02
-2.025989848173185767e-02
1.836761742953547938e-02
4.120592933303647565e-02
8.829987423996774054e-02
1.512743410540946243e-01
1.510669342282470462e-01
-3.719854255119534742e-02
-4.475703843404012505e-01
-9.558635949502845008e-01
-1.350079796898792317e+00
-1.555952485170881472e+00
-1.636844723263345625e+00
-1.225926167136954126e+00
-4.917682408345362410e-01
2.383037094058047534e-01
3.387039213897580781e-01
3.988580277599420437e-02
-3.593701465118345761e-01
-7.453695837189133755e-01
-5.414276422551852486e-01
1.972189047720125654e-01
7.746641955277755454e-01
8.015203101088170801e-01
5.734192649506393291e-01
6.624834111102960721e-01
8.798448885597787150e-01
4.269366956328912166e-01
-4.353603187818748110e-01
-7.824081229301317331e-01
-5.372986003572909341e-01
-2.066882866764728210e-01
2.615172912454134801e-02
9.566797061708674776e-02
2.438972566756729965e-01
3.993925290166253084e-01
3.639012666847085686e-01
1.354092883462459929e-02
-5.425687231575103686e-01
-1.059903997908578033e+00
-1.351758146067240096e+00
-1.589162227477609157e+00
-1.649304774283905983e+00
-1.159367318117705548e+00
-4.427663594015459614e-01
-1.526316654090638658e-01
-4.181127301976850230e-01
-1.413668349111329436e-01
2.104119382555005580e-01
-1.072538524877012477e-02
-2.759136614153162026e-01
1.056325801621960381e-01
6.452182413168385811e-01
7.562496334641251039e-01
8.054675294327824364e-01
1.033745265436356808e+00
8.852475242090220853e-01
2.310144312823136648e-01
-4.662749167691946917e-01
-8.875806894581992346e-01
-8.416988811978599605e-01
-4.762864350988096906e-01
1.032816071555727744e-01
3.103263335496010966e-01
6.061397744887491168e-01
7.480530819098922812e-01
5.100489063463746753e-01
-2.683246701219164573e-02
-5.943606956601915625e-01
-9.808520005917913398e-01
-1.270800059533828241e+00
-1.621708735705420068e+00
-1.464211232568794374e+00
-7.709429796907566468e-01
-1.028096972466100573e-01
-3.822722717719543861e-01
-7.757718340972006299e-01
-5.067689547421189156e-01
-2.034550677501559615e-02
2.534005791688960230e-01
1.846132498050031823e-01
1.533853385182240847e-01
3.748640670877286252e-01
6.562687376412481566e-01
9.021651840427343805e-01
8.345082271120078943e-01
4.237157105657400891e-01
6.884742661067770608e-02
-1.811550651109261056e-01
-4.630928012255350334e-01
-6.523989073844824738e-01
-5.566101353063690471e-01
2.975007291279423427e-01
6.557415705443141452e-01
9.374474721329347782e-01
8.407077765179689077e-01
3.799986787324529103e-01
-1.621878834521329193e-01
-5.779708648120778225e-01
-8.736604003924607342e-01
-1.241723696122989162e+00
-1.377231419545901225e+00
-9.239275581924798475e-01
-1.931202719662300782e-01
2.907304753175559905e-02
-5.096463478756978471e-01
-6.509111344677374067e-01
-4.097704718135934954e-01
-1.221446101595312222e-01
1.130704471597593075e-01
2.001510406870089520e-01
1.324590054983467713e-01
2.082731064405155541e-01
5.163042473491054052e-01
6.144524520171488202e-01
3.550593396486337316e-01
1.046263250631254277e-01
1.146957589204989844e-02
-3.317242225733374461e-02
-1.225370993911064493e-01
-2.600403194645929950e-01
-3.353798416615750844e-01
5.338542948049995740e-01
8.573008736568571431e-01
8.895844858543983102e-01
5.607872159497860887e-01
1.108645140265421547e-01
-2.534719991564216568e-01
-5.122306456482492720e-01
-7.730872406778864780e-01
-9.852954911992761744e-01
-8.137183394318103780e-01
-3.233193888190646348e-01
1.558129338815924525e-01
-8.058184977199585319e-02
-4.553106667087185588e-01
-4.077954698319048998e-01
-2.194155936343671065e-01
-4.684031569012595680e-02
8.964535630815874401e-02
1.544303562377265238e-01
1.199034848484622495e-01
1.300293839952634811e-01
2.165945320682799435e-01
1.827407848943476409e-01
7.167252161886758510e-02
1.456020596208388099e-02
1.493655795782345384e-03
-2.983736948425869812e-03
-1.667266023601929326e-02
-5.345964615402138548e-02
-1.042597530782863602e-01
